# This file may be used to create an environment using:
# $ conda create --name <env> --file <this file>
# platform: win-64
# created-by: conda 25.1.1
annotated-types=0.6.0=py313haa95532_0
anyio=4.6.2=py313haa95532_0
brotli-python=1.0.9=py313h5da7b33_9
bzip2=1.0.8=h2bbff1b_6
ca-certificates=2025.2.25=haa95532_0
certifi=2025.1.31=py313haa95532_0
cffi=1.17.1=py313h827c3e9_1
charset-normalizer=3.3.2=pyhd3eb1b0_0
click=8.1.7=py313haa95532_0
colorama=0.4.6=py313haa95532_0
cryptography=44.0.1=py313hbd6ee87_0
dnspython=2.4.2=py313haa95532_0
email-validator=2.2.0=pyhd8ed1ab_1
email_validator=2.2.0=hd8ed1ab_1
expat=2.6.4=h8ddb27b_0
fastapi=0.115.12=pyh29332c3_0
fastapi-cli=0.0.7=pyhd8ed1ab_0
greenlet=3.1.1=py313h5da7b33_0
h11=0.14.0=py313haa95532_0
httpcore=1.0.2=py313haa95532_0
httptools=0.6.4=py313h827c3e9_0
httpx=0.27.0=py313haa95532_0
idna=3.7=py313haa95532_0
jinja2=3.1.6=py313haa95532_0
krb5=1.20.1=h5b6d351_0
libffi=3.4.4=hd77b12b_1
libmpdec=4.0.0=h827c3e9_0
libpq=17.4=h70ee33d_0
markdown-it-py=2.2.0=py313haa95532_1
markupsafe=3.0.2=py313h827c3e9_0
mdurl=0.1.0=py313haa95532_0
openssl=3.0.16=h3f729d1_0
pip=25.0=py313haa95532_0
psycopg=3.2.6=pyh46613ae_0
psycopg-c=3.2.6=py313h7dfb36c_0
psycopg2-binary=2.9.10=pypi_0
pycparser=2.21=pyhd3eb1b0_0
pydantic=2.10.3=py313haa95532_0
pydantic-core=2.27.1=py313h636fa0f_0
pygments=2.15.1=py313haa95532_1
pysocks=1.7.1=py313haa95532_0
python=3.13.2=hadb2040_100_cp313
python-dotenv=0.21.0=py313haa95532_0
python-multipart=0.0.20=py313haa95532_0
python_abi=3.13=0_cp313
pyyaml=6.0.2=py313h827c3e9_0
requests=2.32.3=pyhd8ed1ab_1
rich=13.9.4=py313haa95532_0
rich-toolkit=0.11.3=pyh29332c3_0
setuptools=75.8.0=py313haa95532_0
shellingham=1.5.0=py313haa95532_0
sniffio=1.3.0=py313haa95532_0
sqlalchemy=1.4.54=py313ha7868ed_0
sqlite=3.45.3=h2bbff1b_0
starlette=0.46.1=pyha770c72_0
tk=8.6.14=h0416ee5_0
typer=0.15.2=pyhff008b6_0
typer-slim=0.15.2=pyh29332c3_0
typer-slim-standard=0.15.2=h801b22e_0
typing-extensions=4.12.2=py313haa95532_0
typing_extensions=4.12.2=py313haa95532_0
tzdata=2025a=h04d1e81_0
ucrt=10.0.20348.0=haa95532_0
urllib3=2.3.0=py313haa95532_0
uvicorn=0.32.1=py313haa95532_0
uvicorn-standard=0.32.1=py313haa95532_0
vc=14.42=haa95532_4
vc14_runtime=14.42.34438=hfd919c2_26
vs2015_runtime=14.42.34438=h7142326_26
watchfiles=0.24.0=py313h636fa0f_2
websockets=10.4=py313h827c3e9_2
wheel=0.45.1=py313haa95532_0
win_inet_pton=1.1.0=py313haa95532_0
xz=5.6.4=h4754444_1
yaml=0.2.5=he774522_0
zlib=1.2.13=h8cc25b3_1
